mapreduce
mean: 152.7206871868289
var: 57672.84569843356

standrt
mean: 152.7206871868289
var: 57672.84569843359